%        x               y
%
   0.0000000e+00   1.0000000e+00
   5.0000000e-01   4.7681511e-01
   1.0000000e+00  -3.2409548e-01
   1.5000000e+00  -6.8041123e-01
   2.0000000e+00  -3.9645490e-01
   2.5000000e+00   1.5183343e-01
   3.0000000e+00   4.5355233e-01
   3.5000000e+00   3.1427322e-01
   4.0000000e+00  -5.3526471e-02
   4.5000000e+00  -2.9580069e-01
   5.0000000e+00  -2.4039802e-01
   5.5000000e+00   1.1189917e-03
   6.0000000e+00   1.8828927e-01
   6.5000000e+00   1.7868687e-01
   7.0000000e+00   2.3761366e-02
   7.5000000e+00  -1.1650191e-01
   8.0000000e+00  -1.2960512e-01
   8.5000000e+00  -3.2863574e-02
   9.0000000e+00   6.9596869e-02
   9.5000000e+00   9.1963855e-02
   1.0000000e+01   3.3497415e-02
%
