10000 500 500

4696 4478 1329.3
7864 3401 6532.9
1962 324 -6218.9
6290 6151 9880.8
6520 154 4790.2
3500 7635 9211.7
8607 3066 2731.3
9865 7917 -6517.4
4856 6467 -5412.3
3370 1252 2317.1
9558 1191 -5670.7
354 135 -3517.7
7928 468 -4886.9
9153 5496 6918.0
1321 2609 -7017.0
7626 3610 -7675.9
3279 7523 -2946.2
4391 9406 3982.4
1764 7881 1982.9
2892 2519 -2867.6
1944 1327 -4877.9
2269 1157 5695.2
3478 6420 -5242.7
3308 3620 2088.0
9114 353 -7041.8
8964 290 9723.8
4948 3230 -3536.3
7410 8192 -7455.6
442 2676 8008.9
7791 611 -4053.1
8107 7522 5802.6
9136 8743 -6414.7
5783 3975 -9220.2
9903 7272 -6477.4
6697 291 -9109.9
433 1769 6504.5
222 5728 -858.1
9263 6821 9723.4
1810 6242 -8261.8
3481 683 -3420.8
900 3214 -1204.4
9269 2970 -4724.0
2167 398 -945.6
9445 8245 7650.0
6380 8383 9735.3
2504 2037 6983.2
4882 3025 -4421.2
4369 6508 -7507.0
8002 7876 -551.5
3251 2351 3616.7
2879 643 5077.4
6484 536 -5199.1
3474 4839 -4829.4
9940 9567 -9697.4
2878 1120 5667.6
6549 3161 -5275.0
6431 7617 -1984.7
4547 1404 -1818.5
257 7990 -9190.3
2105 5071 -2723.6
198 3223 -5872.5
1923 8691 -3239.9
6413 1905 2672.8
2279 3105 -5738.3
3776 7440 -5249.5
534 6038 -3765.6
103 4844 511.1
6187 29 -5382.2
6161 1903 5559.6
9247 2564 4796.7
5947 7452 -9852.0
693 9101 4708.1
5441 6120 2744.3
2601 6773 -6433.1
2744 9407 -9126.4
2169 3876 5001.7
9407 5505 -9196.5
9918 7261 -184.4
7975 2644 -8619.5
8727 7873 -846.1
8345 5633 6178.8
5112 3021 1494.2
6857 3625 7363.3
9971 4671 8365.3
545 5385 7741.0
3017 642 5114.3
8372 2861 7849.6
8166 8763 -8531.2
298 3900 5479.9
1438 6080 534.8
2918 1921 5143.6
9829 3063 -1119.7
3797 6544 2935.4
3178 2443 4449.9
7695 2858 1588.7
8393 4526 -3324.5
3387 5828 7055.0
9430 2529 -2994.2
4832 5273 -5499.8
4806 4058 1898.9
6861 3550 -3955.9
904 1845 -879.7
1946 8030 5093.7
2851 7224 8967.2
8663 8714 5872.1
9588 9444 1286.3
5624 7427 -3275.8
3629 4501 2858.5
301 2175 8561.8
6477 5903 -4099.1
723 729 -1858.2
9117 2538 1745.6
555 7654 -920.8
5969 9783 5894.3
5092 3285 6820.0
7853 4729 -128.1
3165 902 -3921.8
8783 1448 -7491.2
2771 1758 983.4
7830 1022 1724.6
2759 4538 -1823.9
2635 388 7793.6
3966 3655 -5809.7
8171 4071 7840.1
4690 7434 -261.2
4816 4550 -5527.5
6738 511 -2158.2
4437 4579 -1301.0
2886 651 -4053.1
7121 6363 -7508.4
547 5605 -8390.7
3879 805 9916.4
2323 9731 -1524.7
1038 5266 1369.7
2408 6547 3503.3
9955 976 4002.7
852 7763 -7578.6
7012 4080 -2493.3
1829 3740 6331.3
7207 7754 -7989.3
3842 8893 -1174.6
4097 1219 1348.8
4827 645 -996.7
2560 8392 3981.3
5872 5846 -8417.6
6294 696 -319.4
1870 4636 -4907.7
306 4984 7763.4
6091 2496 3792.9
5682 1596 -9314.6
612 4517 -9989.8
898 5853 9979.8
9020 7319 7345.3
4617 1000 4579.7
5615 4595 -2953.1
7232 1058 5030.6
4757 1663 -3799.0
4530 3329 9830.5
2247 5556 3484.9
2505 4022 3397.0
2571 7880 3533.9
5056 2380 -3126.4
6518 9711 -4657.7
6254 3946 410.7
8758 3305 -4629.2
7714 3627 -1010.8
2386 5964 -5464.0
6696 4001 -6715.6
3801 2572 -1862.9
4312 5983 -1900.7
1082 7015 -931.7
9203 2027 -4294.3
9063 531 -1287.8
3448 7624 4725.9
6109 4672 6119.8
655 9784 4767.5
9565 2789 7078.2
3618 6562 -7387.3
2999 6182 2729.6
4464 4676 9448.9
5309 9221 1941.2
8680 6644 -5576.7
4662 5355 9326.0
258 2626 -756.2
8801 5396 7039.7
8841 5094 3801.4
3696 2933 -9824.8
8491 627 7744.9
4200 7243 3144.2
6692 1563 -2367.7
9490 4722 -8533.1
3479 2870 -8138.8
3118 9063 581.5
4461 7066 -9226.3
5032 7835 4076.2
7438 726 1653.3
1567 4634 -3213.5
2823 6884 -7572.9
361 2074 -6966.8
3848 6837 -1790.7
854 5252 9856.0
8238 5319 -9239.9
3394 7774 581.5
5694 9775 -6785.3
5011 8413 -5984.2
282 4463 -9158.2
6010 3874 2803.5
4644 3001 -9547.3
7354 2100 7662.9
1410 9493 -5640.0
2756 1780 -8310.4
1692 9955 -1047.4
6276 4460 5244.6
2793 1359 -9706.7
113 5716 2990.9
1018 3125 -6684.7
3816 8667 -3593.3
3280 4504 9531.5
7144 8322 5160.2
3413 5787 -1700.5
1937 1058 9992.7
6511 3965 7604.9
9392 8767 -6716.2
7274 19 2372.1
8816 4673 6707.9
8975 8001 5869.7
626 7528 3448.2
6475 7750 4883.6
7589 4383 -2644.0
317 489 -1176.0
4414 8237 -6014.0
2 4413 1033.0
579 6970 7986.4
5026 1525 -6760.2
5220 9033 -818.5
6629 8511 976.8
4531 5241 8218.0
1177 5919 -8511.8
7027 7986 -5817.9
4593 8806 8402.9
4206 8520 3278.9
9233 1976 -1779.8
4156 4405 5108.6
5820 2269 9639.9
8916 8905 7450.8
9776 7884 -3677.5
1482 7771 -9046.1
3045 6331 7877.8
6391 8642 -135.4
9007 9140 -1912.3
9570 2227 1233.5
6775 3929 5218.0
1512 5833 855.6
1111 8272 2559.0
9072 8033 145.0
4689 7454 5888.6
685 4685 5968.9
6089 1303 -4784.8
143 4004 -8991.2
5301 720 825.4
1599 433 7472.6
5108 4110 -4845.7
8596 1401 8017.9
8669 6864 -8370.8
9074 5175 1879.0
5126 4481 4775.9
5191 95 -8000.3
2142 4496 1321.8
1047 7865 3142.9
3691 2044 3131.4
7098 362 -3626.8
7659 7054 -8093.8
522 2723 -8754.0
9197 1452 5539.2
7540 6841 4336.9
7361 8200 -7978.0
4373 5144 5835.1
2977 3770 -3887.5
7194 6711 -8706.1
6366 4019 423.5
4211 1774 -4832.1
6806 4660 7317.3
7899 8927 2563.1
9721 4986 6992.6
7505 2470 -2748.5
2519 4975 -9191.2
8823 518 -2344.8
5853 4025 7867.1
4476 1376 7834.7
2360 2086 -738.8
8603 4904 3139.5
1572 3118 6279.5
2070 3887 8610.3
7628 7740 -9179.1
4485 4408 7883.4
5716 8665 8077.7
5908 6798 8087.7
5462 7435 728.4
4403 8522 -9089.4
6100 4127 8770.5
3354 2919 1250.9
5937 5935 1557.2
7933 2944 -5825.6
475 8376 6404.7
702 5858 -3817.7
3701 5402 835.7
2484 4273 3239.7
8707 5737 -3361.2
8530 8841 4842.2
5359 4900 -2589.3
6874 6825 8475.6
4407 2183 9005.0
6199 6282 -636.0
8830 9402 4084.0
3072 2185 -9691.7
7546 4792 8423.9
7455 2719 -2527.2
7570 679 -9457.1
541 7503 4012.2
282 3789 6407.0
8554 9349 3555.5
7425 2923 -2418.1
5898 4479 -5762.6
9975 8829 -9203.8
1186 9186 2786.3
9053 184 -297.0
2947 9602 -4018.3
2168 1090 1080.1
8693 2432 1521.3
4231 6687 418.5
6294 5254 -1780.3
1868 8018 3913.8
3420 295 -426.3
566 2034 3469.8
2286 6281 -2731.7
618 7936 7055.2
9095 8817 316.0
9461 1938 7628.0
8027 3804 9764.4
5301 2006 -7980.4
7272 1527 8868.8
5677 8297 5134.4
6320 6370 -2378.5
94 3272 9815.2
4535 7437 2640.1
298 5570 -41.5
7833 2585 -559.8
7201 8637 -461.4
4287 7215 2590.9
9722 100 -3849.9
2600 1711 1720.1
3529 3923 -3274.1
6664 7796 7919.5
1799 5319 -3696.7
9306 2181 -1835.6
7008 3714 -6575.2
4121 3313 6164.0
2197 4930 1656.6
1088 8710 2886.6
7355 2983 -7796.0
1288 6485 9486.2
3247 3035 -1829.2
1076 7910 2116.9
5308 2777 4869.6
2189 9481 5290.2
8168 564 5043.3
5178 9584 4943.8
2198 6252 -2382.1
8331 1223 -5812.0
2827 906 -5036.1
6225 5883 4772.5
7777 7438 7722.0
8519 9986 -5813.1
7830 9807 -1151.9
5185 6229 -5200.7
9799 4253 3595.5
7796 6332 61.2
6228 9681 5111.3
6569 531 -9671.6
9531 18 7085.6
4250 3856 -898.0
7790 1690 -3502.8
6163 3003 -7181.9
5445 7213 -8038.3
577 9969 -3600.0
3462 9190 1234.8
6827 677 1962.6
4241 1130 -458.3
2566 9114 -3203.5
3061 8404 3468.9
9400 4023 6891.7
7409 4858 -4045.1
639 8311 -1381.0
2816 9972 7557.6
9745 7237 1895.4
3 5477 6317.4
8404 3735 2942.1
5082 3098 7426.4
4064 5818 9332.9
533 2093 672.4
5035 5153 -2254.5
1393 492 4654.3
4014 2638 8138.0
91 1385 -7551.0
6012 7243 -9992.1
8366 1672 4694.6
2342 7360 3325.0
143 5494 872.0
243 7126 -8802.4
8208 7273 -9589.8
2234 9911 5092.7
1234 9582 8609.8
5362 1539 8214.1
6587 1896 -4839.2
7953 6621 7625.2
5027 4107 -9696.4
7626 4895 7694.6
8234 5351 6704.1
6337 8267 1834.7
5054 6390 7756.5
7525 7710 6510.4
8053 5605 9264.9
4109 5863 4571.5
4117 1314 -4323.3
7250 9320 4710.2
4155 3648 8847.7
2662 1732 -7063.0
9703 5827 -3887.9
5424 7129 3291.2
628 4262 -799.4
2939 6835 7162.8
934 2446 9163.5
7929 8582 1824.7
6890 4340 9209.5
8405 8139 2110.6
8616 4174 -2755.9
9857 161 -1313.5
7165 4983 -8222.0
3956 2027 6081.6
2646 5464 -3980.2
2225 7766 -2355.1
6213 6863 7719.1
5335 7419 -1279.6
1550 9266 -895.0
1361 4244 -8226.7
4489 3057 2610.9
4458 8963 -3000.1
6885 9341 -1549.0
8118 6306 1653.8
8946 6010 -9904.8
5563 722 -8608.7
9849 5170 -3103.7
6359 5016 6931.1
1870 8128 -9631.6
9711 1338 2357.4
9123 6775 3280.0
4284 1061 -4581.4
4349 9579 9657.6
7699 5428 1462.0
3006 1031 -525.0
1059 9430 3816.6
8746 4564 5790.6
5400 3547 -9976.2
6588 4548 9273.0
3307 3556 26.5
4376 4178 -9521.2
9993 5565 1945.6
7221 623 -6235.2
8824 8626 5066.1
6268 2016 3000.7
9239 3833 -6146.2
1232 6256 155.3
6732 9183 8432.7
455 8167 -1598.6
9991 2553 -5050.1
8673 6636 243.5
6164 475 4832.5
2905 9923 -9650.5
2587 5897 -1883.3
4298 8137 1400.1
7630 3802 2600.7
8390 8273 2089.5
7878 7537 -7837.9
4741 866 3068.0
9094 7358 -352.1
1042 9564 4614.4
6703 9385 -869.3
8483 9542 -7201.3
302 9282 -4123.9
8847 1131 8805.2
2960 3840 -954.7
5259 8350 762.9
5407 3836 -9147.0
9052 9366 -4170.8
1643 6135 3153.2
547 4998 4621.8
2902 4088 980.3
2705 2946 8993.0
9787 6283 3798.2
3324 9983 -2365.9

9413 1350 4964.7
1887 3451 -9646.4
8912 1526 -322.7
7579 4931 2857.3
7068 7969 3325.0
8271 9582 25.7
2068 3265 -3080.5
899 4413 2185.1
3841 3042 4859.0
2666 9821 -2999.4
1764 8620 3756.7
3875 6963 8559.7
9190 1236 -1958.4
1066 5654 2609.9
8919 7594 -3625.8
8724 5889 -3200.8
8982 1193 520.3
8144 3285 -4883.4
9519 7108 9829.7
2570 9177 -2225.5
632 8971 7183.1
6499 4741 -6632.0
9070 3079 6898.1
2683 353 -7183.9
1701 2572 -6631.1
2306 8985 -5526.2
4414 9301 2734.2
6809 927 -8201.6
9131 8791 -8999.4
1297 3438 -5990.0
4364 5850 -115.8
9920 7339 6869.5
6665 3258 2801.0
4570 5473 4659.0
1354 1610 9205.0
9332 5676 -7285.2
662 7524 4011.4
1055 9914 1274.7
4369 2283 2581.5
7485 204 7963.1
9082 4205 7583.7
2325 1441 -3646.0
2480 2053 5115.0
6820 3879 6193.6
340 7328 2766.8
8715 2593 -7531.9
9022 9242 -8004.8
4313 1909 -9744.1
2327 1932 8124.0
1670 7614 -1514.1
9650 2398 73.2
6329 2195 2469.7
2370 5365 7794.4
2127 6913 -1056.4
6037 7127 -84.8
3737 7868 3884.0
5165 5323 -1613.6
5301 4917 -6322.5
8897 7556 1710.8
5514 8248 -2783.6
2726 3220 -2867.5
8184 7451 4264.4
4336 1922 -9093.5
8592 1448 5391.4
1742 9492 8361.4
2530 1759 9766.3
1452 4734 -2912.0
6159 7793 6704.9
4015 2688 3187.8
6227 9380 -4942.2
3916 9094 -5117.7
4248 1421 -9550.1
3187 1166 -508.8
3375 7260 -2637.0
6277 769 -1876.6
1795 3437 6192.8
80 3507 -1658.0
4639 6984 -9284.5
6478 9789 42.0
6665 4047 4540.4
2559 6864 6339.2
6568 3375 -7495.8
8966 7847 1799.9
4891 1086 -3091.8
8017 5945 7796.6
1640 7967 3113.1
9681 8277 487.7
2693 5622 -7871.4
4876 5533 -1959.0
154 7214 9412.0
1556 5548 -5881.7
7231 1974 5299.8
7741 6959 589.3
4358 438 9418.8
1145 9076 5746.2
8486 4031 1608.7
1256 1009 2707.4
3143 5342 -8797.9
7140 871 -627.6
8658 4498 -1603.1
3771 2841 1529.2
9238 4853 -173.9
6279 2590 -3291.5
8885 398 -8100.9
556 6912 -3050.8
7379 4601 6093.3
2189 7472 3288.6
4388 1158 1174.3
699 3976 -2009.1
1815 5708 7696.1
6610 9411 -5844.0
6174 4008 7065.2
3575 7178 -8922.5
446 8827 -6750.5
8230 945 -77.1
9529 1652 5744.5
2743 8402 6074.8
4686 7535 2108.4
2631 5738 -7918.6
450 5586 -2293.5
3634 9545 -1717.9
3023 7972 -4155.3
2916 8429 7929.3
1349 3604 7997.1
8954 420 -9420.5
9396 6671 2219.2
7174 5555 -1579.3
6277 5498 -7917.6
3365 6778 3224.4
7606 5364 9272.1
8641 8294 -8088.2
5121 7547 -5014.2
8932 8484 2551.6
622 4373 -909.2
1996 9380 597.8
1021 4703 -3933.4
686 1406 1980.2
10 323 -372.6
4616 9006 9045.7
8179 2586 -4090.8
9483 3008 6867.6
9793 8176 3803.7
1672 4471 -7557.6
9546 7158 9006.7
7332 4091 -8848.9
436 6980 -8324.8
5808 5578 -0.3
8972 3667 960.5
293 9580 370.8
9844 6835 681.7
4905 7406 2581.2
7568 3008 2429.2
840 3597 -785.9
7229 5969 6468.0
9287 7262 -3584.6
3571 580 5622.0
6637 6379 8525.1
3384 9915 -8646.6
4178 6919 -7693.7
2103 2133 268.0
5618 7587 -2190.0
3758 3706 6616.6
5395 1333 4795.6
1144 2679 -6846.6
9195 6300 -4634.1
3075 5915 9144.9
50 2769 3215.8
1981 7647 2910.1
681 8140 4672.4
7015 4142 1920.1
7654 4905 8628.3
2411 1898 5078.0
5312 4461 7720.4
5389 2878 3941.7
6563 5256 -8423.2
4345 8554 -7164.0
702 4076 -6718.4
5723 295 -357.8
1579 9797 6918.4
1067 9855 8391.6
2514 395 231.8
7351 2682 5179.3
9041 9792 7400.7
4527 140 7000.9
3381 3673 -2921.6
5799 7425 -7817.3
8448 4464 -1975.5
7513 2817 9024.1
3723 1233 -7329.8
126 4605 5012.4
5040 1611 1626.9
6478 9710 335.7
9563 6442 -1796.4
2071 6507 219.6
5696 1923 2792.4
7095 882 3757.7
4430 7681 -4678.2
3586 5411 4987.8
3418 7390 -5400.8
9290 3987 -4134.2
3264 1027 2232.2
7081 5585 -8391.9
866 3482 453.3
1261 5098 7354.9
5133 8529 1945.6
2158 1944 -2314.1
5368 3125 -6823.6
2021 2911 -71.9
6579 8192 1250.2
744 7767 -4596.1
1031 4896 4599.4
9795 8191 -1921.0
7529 1737 -7150.4
4378 8273 9817.0
4817 1121 2357.6
4221 2669 -4165.0
9526 3194 -2124.2
8421 7902 6333.7
4253 4295 -5226.0
5397 1299 -6913.5
345 981 -6919.0
6638 2533 -4845.5
3840 3437 208.4
3178 8567 -3931.4
7111 578 2456.7
9799 5561 7869.9
4006 9943 1809.6
8428 474 -4649.7
286 5745 -7458.1
5598 9034 -5546.6
1699 4516 -7836.7
905 5820 -8295.9
5304 6653 4676.8
6625 9581 -8227.1
1498 462 2021.7
9709 2772 5819.6
5324 716 -3967.4
3665 8705 -4849.4
3716 2075 -7563.0
4411 3517 8249.5
4249 515 -812.6
4039 9386 -1455.1
4561 762 6712.1
2640 2517 8452.1
1527 6338 -8209.7
7832 5722 6160.4
8527 2594 -3685.3
1672 3832 -551.4
827 3576 -7370.6
7807 329 6699.0
5205 3377 -841.2
2847 3750 -8448.4
762 6943 7034.8
3940 42 -7526.4
9251 5967 7498.4
3111 5113 4839.0
3659 60 -3456.9
8294 4599 -923.1
982 7344 -8631.9
3848 5012 6521.8
4933 5818 -1652.8
6211 4738 -9459.6
5801 3021 9476.0
4162 3682 2963.1
1840 6878 -2832.6
1494 5681 -8343.7
8137 5145 7335.0
1017 7419 4697.1
2933 8029 3398.7
5543 3270 8558.1
1955 9714 -964.2
8718 5099 -9876.6
4017 669 9004.8
7783 2993 4372.3
6966 2526 8407.9
3302 6489 -5662.3
9203 1624 -1385.0
9707 5351 5806.5
1838 2810 -6413.6
5967 1237 4434.7
7025 2628 4288.4
479 4168 4432.6
1962 6255 -423.8
2796 2372 3175.6
7670 6190 4801.8
4127 728 2069.5
6250 3839 1851.9
4158 4794 -3336.5
2969 7996 5111.1
8486 5452 437.8
1186 1060 -6906.5
6335 2017 -2924.1
1933 4400 -427.1
3426 8056 -8052.9
9706 1018 9797.6
4459 7833 2959.8
624 6789 8983.6
574 5908 -9671.1
828 9117 -2172.9
803 349 -7573.4
1804 7412 -8384.7
1335 1103 9510.5
4155 2658 299.6
5971 5623 73.8
1092 5462 -8033.8
2961 8500 7760.3
2131 3498 9069.0
4771 5830 8798.0
7817 8544 7390.7
9971 6746 6270.0
5207 356 -3889.1
9433 1372 1013.2
8974 5805 -3727.4
6965 707 9958.8
8790 1007 -5734.8
3480 8653 -789.1
8893 1716 -4184.8
8741 8653 9822.1
1157 5986 -8917.5
1990 1490 -1665.1
8808 7344 1374.6
9524 9099 5459.4
3498 9721 5221.4
2009 7514 8031.0
4246 1602 -9225.4
8423 7158 1808.0
4301 3148 -5614.7
8666 4742 3380.1
2169 3001 -862.2
6328 6252 -7687.2
2614 2492 -3187.7
2715 3152 1057.4
8586 1394 5024.7
7130 9620 -8034.4
7923 1331 -3361.0
7948 2050 2746.7
3723 4621 4400.1
5230 4514 6447.8
7908 9389 -3928.3
7746 3915 8796.3
9894 1369 2092.4
1989 6564 -9928.3
880 9560 -4611.4
9028 6810 -1840.7
4558 5314 -7343.0
6410 9491 5822.0
3967 9873 3762.0
5547 249 2215.9
1454 7321 5234.2
3416 7059 9468.0
4982 5771 -9721.0
6864 8369 -7366.3
8340 9324 6146.1
5586 6599 -1168.1
9217 9140 3120.1
1858 1406 450.0
4373 2067 -5674.3
7885 2158 -5365.7
8282 8545 -4435.7
8250 3769 -5553.1
294 7318 8630.2
7229 6779 5155.9
7543 2702 -2552.1
714 8738 -8026.7
3622 5969 -7253.0
9990 7776 -9084.4
46 9189 -752.2
7593 5031 -9089.6
608 5629 -2447.2
6424 2325 -6210.5
6198 8826 -433.4
9410 5673 -5308.9
9554 3474 -3105.1
5491 8102 7030.5
451 4410 4184.7
4964 1116 -3689.1
2631 2071 -2.5
597 878 -3512.8
4123 9945 -8128.5
3257 4930 6194.3
8038 2235 -9104.4
3831 7596 381.3
104 3042 -3112.3
1396 5181 2616.8
2283 8434 6010.0
5852 4898 5156.7
2867 1600 5827.7
1306 8655 3098.9
5624 9357 -1595.3
1355 3694 1457.5
1128 4459 4563.7
7144 9034 -2334.5
8198 736 9345.2
7121 5392 8960.4
108 817 -5786.0
2953 6950 -2054.5
1724 5704 -7922.1
5156 3676 6768.3
2948 1353 68.4
7898 7552 3533.3
2541 2667 -8418.7
6739 2290 -9040.1
3224 5155 8273.7
7552 4804 -6441.8
7476 4093 9356.3
2074 7622 9758.3
1996 5629 -2000.8
1555 6440 7653.4
9951 5508 797.1
2388 9736 5095.6
7538 8878 5153.2
4791 6607 8061.4
829 461 -9342.5
7935 5057 6056.2
5267 3095 -6939.3
4309 6994 -9015.6
6818 9061 636.3
2635 2531 -7873.2
689 3923 -1394.8
2643 1290 -1067.8
9520 8829 2873.8
8634 5752 3175.7
3143 543 4119.0
9328 1493 1148.0
5017 2804 -412.5
6489 209 7864.5
1134 409 7906.9
2257 9738 -8486.6
7832 1070 -2722.6
7057 5187 5432.3
6973 7654 4022.3
4264 2516 -6060.0
3335 4648 -6311.7
2574 7592 8610.2
4996 4533 -3706.5
5046 9325 -3658.9
9490 1057 -3508.7
8243 2433 -7641.9
1778 5927 -3699.0
5289 8812 -6017.5
6134 6233 8612.9
3578 5269 7171.8
1371 654 924.6
6655 8414 439.0
7730 9842 -9867.3
9472 2614 3293.9
3892 7552 5269.6
5159 9385 4525.3
2262 8699 9234.9
2684 195 -1839.7
1831 9337 1505.1
5297 6233 408.0
4339 3975 3047.6
2221 7753 2103.6
7570 8804 -4160.9
1141 6199 7515.9
7911 1331 -3740.6
642 5586 -6523.9
5114 3957 -5849.7
8209 916 9693.0
2545 2999 3748.8
9097 8557 4104.9
3481 5099 -6493.1
5341 4282 -1954.2
4993 7366 -9603.6
5035 388 7978.4
2976 5308 -9066.9
9675 430 -1170.7
3811 4493 3735.5
999 5734 2325.5
5522 8406 -6471.5
5134 6127 -7853.8
1608 6542 -5197.0
7157 1974 -8714.6
7844 6373 -6222.1
7195 7875 -4222.0
5975 5862 813.5
7793 2575 -7908.1
711 2163 -8815.7
5033 5066 -6359.5
3487 2766 6151.1
6649 1215 -5512.5
7239 8118 -6043.7
8968 3948 3630.2
9775 1251 1352.7
9786 902 1724.9
9778 4224 -7660.3
3326 9766 4379.5
4646 7454 -6321.5
9813 6766 -9739.0
3986 1784 5420.2
5835 5479 5014.4
2553 9674 -2391.7
7234 42 -7236.8
3771 4742 -4842.7
7341 9139 -7331.2
2136 4736 3963.5
4111 5332 -8546.8
4941 3690 -8451.0
4313 9671 -3535.3
