% Populations of 6 cities from 1850 - 1990 (in thousands)
%
%   Yesr  Atlanta New York Boston Chicago San Francisco Los Angeles
%
    1850      3      696     137      30         35            2
    1860     10     1175     178     109         57            4
    1870     22     1478     251     299        149            6
    1880     37     1912     363     503        234           11
    1890     66     2507     448    1100        299           50
    1900     90     3437     560    1698        343          102
    1910    155     4767     670    2185        417          319
    1920    201     5620     748    2701        507          577
    1930    270     6930     781    3376        634         1238
    1940    302     7455     771    3397        635         1504
    1950    331     7892     801    3621        775         1970
    1960    487     7782     697    3550        740         2479
    1970    495     7896     641    3369        716         2812
    1980    425     7072     563    3005        679         2967
    1990    394     7323     574    2784        724         3485
%
