  -2.4500000e+00   2.5000000e-03
  -2.3500000e+00   1.6666667e-03
  -2.2500000e+00   8.3333333e-04
  -2.1500000e+00   8.3333333e-04
  -2.0500000e+00   5.0000000e-03
  -1.9500000e+00   1.0000000e-02
  -1.8500000e+00   9.1666667e-03
  -1.7500000e+00   1.7500000e-02
  -1.6500000e+00   1.1666667e-02
  -1.5500000e+00   2.1666667e-02
  -1.4500000e+00   3.1666667e-02
  -1.3500000e+00   5.1666667e-02
  -1.2500000e+00   6.3333333e-02
  -1.1500000e+00   7.3333333e-02
  -1.0500000e+00   9.0833333e-02
  -9.5000000e-01   1.1833333e-01
  -8.5000000e-01   1.2583333e-01
  -7.5000000e-01   1.6000000e-01
  -6.5000000e-01   1.9000000e-01
  -5.5000000e-01   2.0000000e-01
  -4.5000000e-01   2.7083333e-01
  -3.5000000e-01   2.4666667e-01
  -2.5000000e-01   3.2750000e-01
  -1.5000000e-01   3.1750000e-01
  -5.0000000e-02   3.6083333e-01
   5.0000000e-02   4.0083333e-01
   1.5000000e-01   3.9500000e-01
   2.5000000e-01   4.3666667e-01
   3.5000000e-01   4.2083333e-01
   4.5000000e-01   4.5833333e-01
   5.5000000e-01   4.6416667e-01
   6.5000000e-01   4.5166667e-01
   7.5000000e-01   4.6000000e-01
   8.5000000e-01   4.1333333e-01
   9.5000000e-01   4.0083333e-01
   1.0500000e+00   3.9666667e-01
   1.1500000e+00   3.5750000e-01
   1.2500000e+00   3.2250000e-01
   1.3500000e+00   3.0000000e-01
   1.4500000e+00   2.5250000e-01
   1.5500000e+00   2.4166667e-01
   1.6500000e+00   2.0500000e-01
   1.7500000e+00   1.5583333e-01
   1.8500000e+00   1.6500000e-01
   1.9500000e+00   1.4000000e-01
   2.0500000e+00   9.5000000e-02
   2.1500000e+00   9.1666667e-02
   2.2500000e+00   5.9166667e-02
   2.3500000e+00   4.7500000e-02
   2.4500000e+00   3.6666667e-02
   2.5500000e+00   2.9166667e-02
   2.6500000e+00   2.4166667e-02
   2.7500000e+00   1.0833333e-02
   2.8500000e+00   1.4166667e-02
   2.9500000e+00   1.4166667e-02
   3.0500000e+00   1.0833333e-02
   3.1500000e+00   5.8333333e-03
   3.2500000e+00   3.3333333e-03
   3.3500000e+00   3.3333333e-03
   3.4500000e+00   6.6666667e-03
