%        t               y
%
   0.0000000e+00   0.0000000e+00
   7.0000000e-02   2.7878239e-01
   1.4000000e-01   5.5030568e-01
   2.1000000e-01   8.0754185e-01
   2.8000000e-01   1.0439172e+00
   3.5000000e-01   1.2535201e+00
   4.2000000e-01   1.4312866e+00
   4.9000000e-01   1.5731567e+00
   5.6000000e-01   1.6761973e+00
   6.3000000e-01   1.7386863e+00
   7.0000000e-01   1.7601570e+00
   7.7000000e-01   1.7413987e+00
   8.4000000e-01   1.6844164e+00
   9.1000000e-01   1.5923491e+00
   9.8000000e-01   1.4693508e+00
   1.0500000e+00   1.3204379e+00
   1.1200000e+00   1.1513082e+00
   1.1900000e+00   9.6813872e-01
   1.2600000e+00   7.7736812e-01
   1.3300000e+00   5.8547261e-01
   1.4000000e+00   3.9874216e-01
   1.4700000e+00   2.2306523e-01
   1.5400000e+00   6.3729474e-02
   1.6100000e+00  -7.4754939e-02
   1.6800000e+00  -1.8880306e-01
   1.7500000e+00  -2.7586904e-01
   1.8200000e+00  -3.3452225e-01
   1.8900000e+00  -3.6448313e-01
   1.9600000e+00  -3.6661755e-01
   2.0300000e+00  -3.4289020e-01
   2.1000000e+00  -2.9627849e-01
   2.1700000e+00  -2.3065044e-01
   2.2400000e+00  -1.5061069e-01
   2.3100000e+00  -6.1320278e-02
   2.3800000e+00   3.1703381e-02
   2.4500000e+00   1.2279921e-01
   2.5200000e+00   2.0638032e-01
   2.5900000e+00   2.7714916e-01
   2.6600000e+00   3.3030245e-01
   2.7300000e+00   3.6171844e-01
   2.8000000e+00   3.6811996e-01
   2.8700000e+00   3.4720725e-01
   2.9400000e+00   2.9775597e-01
   3.0100000e+00   2.1967674e-01
   3.0800000e+00   1.1403395e-01
   3.1500000e+00  -1.6976864e-02
   3.2200000e+00  -1.7009245e-01
   3.2900000e+00  -3.4108402e-01
   3.3600000e+00  -5.2489466e-01
   3.4300000e+00  -7.1580733e-01
   3.5000000e+00  -9.0763768e-01
   3.5700000e+00  -1.0939450e+00
   3.6400000e+00  -1.2682541e+00
   3.7100000e+00  -1.4242801e+00
   3.7800000e+00  -1.5561491e+00
   3.8500000e+00  -1.6586059e+00
   3.9200000e+00  -1.7272026e+00
   3.9900000e+00  -1.7584610e+00
   4.0600000e+00  -1.7500025e+00
   4.1300000e+00  -1.7006425e+00
   4.2000000e+00  -1.6104444e+00
   4.2700000e+00  -1.4807312e+00
   4.3400000e+00  -1.3140561e+00
   4.4100000e+00  -1.1141302e+00
   4.4800000e+00  -8.8571185e-01
   4.5500000e+00  -6.3446052e-01
   4.6200000e+00  -3.6675978e-01
   4.6900000e+00  -8.9516025e-02
   4.7600000e+00   1.9006063e-01
   4.8300000e+00   4.6468579e-01
   4.9000000e+00   7.2723271e-01
   4.9700000e+00   9.7095889e-01
   5.0400000e+00   1.1897196e+00
   5.1100000e+00   1.3781612e+00
   5.1800000e+00   1.5318876e+00
   5.2500000e+00   1.6475940e+00
   5.3200000e+00   1.7231644e+00
   5.3900000e+00   1.7577283e+00
   5.4600000e+00   1.7516758e+00
   5.5300000e+00   1.7066299e+00
   5.6000000e+00   1.6253782e+00
   5.6700000e+00   1.5117652e+00
   5.7400000e+00   1.3705498e+00
   5.8100000e+00   1.2072331e+00
   5.8800000e+00   1.0278619e+00
   5.9500000e+00   8.3881527e-01
   6.0200000e+00   6.4658204e-01
   6.0900000e+00   4.5753568e-01
   6.1600000e+00   2.7771568e-01
   6.2300000e+00   1.1262228e-01
   6.3000000e+00  -3.2968125e-02
   6.3700000e+00  -1.5516055e-01
   6.4400000e+00  -2.5106665e-01
   6.5100000e+00  -3.1889324e-01
   6.5800000e+00  -3.5799122e-01
   6.6500000e+00  -3.6886324e-01
   6.7200000e+00  -3.5313005e-01
   6.7900000e+00  -3.1345680e-01
   6.8600000e+00  -2.5344198e-01
   6.9300000e+00  -1.7747309e-01
   7.0000000e+00  -9.0554162e-02
   7.0700000e+00   1.8886980e-03
   7.1400000e+00   9.4216759e-02
   7.2100000e+00   1.8079571e-01
   7.2800000e+00   2.5621253e-01
   7.3500000e+00   3.1548449e-01
   7.4200000e+00   3.5425285e-01
   7.4900000e+00   3.6895430e-01
   7.5600000e+00   3.5696405e-01
   7.6300000e+00   3.1670541e-01
   7.7000000e+00   2.4772199e-01
   7.7700000e+00   1.5070962e-01
   7.8400000e+00   2.7507019e-02
   7.9100000e+00  -1.1895474e-01
   7.9800000e+00  -2.8474234e-01
   8.0500000e+00  -4.6504683e-01
   8.1200000e+00  -6.5434238e-01
   8.1900000e+00  -8.4657191e-01
   8.2600000e+00  -1.0353529e+00
   8.3300000e+00  -1.2141968e+00
   8.4000000e+00  -1.3767334e+00
   8.4700000e+00  -1.5169341e+00
   8.5400000e+00  -1.6293241e+00
   8.6100000e+00  -1.7091784e+00
   8.6800000e+00  -1.7526927e+00
   8.7500000e+00  -1.7571248e+00
   8.8200000e+00  -1.7209004e+00
   8.8900000e+00  -1.6436802e+00
   8.9600000e+00  -1.5263857e+00
   9.0300000e+00  -1.3711825e+00
   9.1000000e+00  -1.1814215e+00
   9.1700000e+00  -9.6154048e-01
   9.2400000e+00  -7.1692857e-01
   9.3100000e+00  -4.5375858e-01
   9.3800000e+00  -1.7879282e-01
   9.4500000e+00   1.0083112e-01
   9.5200000e+00   3.7782735e-01
   9.5900000e+00   6.4499363e-01
   9.6600000e+00   8.9544056e-01
   9.7300000e+00   1.1228101e+00
   9.8000000e+00   1.3214761e+00
   9.8700000e+00   1.4867198e+00
   9.9400000e+00   1.6148752e+00
   1.0010000e+01   1.7034378e+00
   1.0080000e+01   1.7511351e+00
   1.0150000e+01   1.7579549e+00
   1.0220000e+01   1.7251314e+00
   1.0290000e+01   1.6550897e+00
   1.0360000e+01   1.5513502e+00
   1.0430000e+01   1.4183967e+00
   1.0500000e+01   1.2615131e+00
   1.0570000e+01   1.0865944e+00
   1.0640000e+01   8.9993732e-01
   1.0710000e+01   7.0802005e-01
   1.0780000e+01   5.1727721e-01
   1.0850000e+01   3.3387822e-01
   1.0920000e+01   1.6351700e-01
   1.0990000e+01   1.1220025e-02
   1.1060000e+01  -1.1882055e-01
   1.1130000e+01  -2.2338295e-01
   1.1200000e+01  -3.0031645e-01
   1.1270000e+01  -3.4860322e-01
   1.1340000e+01  -3.6837920e-01
   1.1410000e+01  -3.6091367e-01
   1.1480000e+01  -3.2854811e-01
   1.1550000e+01  -2.7459669e-01
   1.1620000e+01  -2.0321207e-01
   1.1690000e+01  -1.1922132e-01
   1.1760000e+01  -2.7937762e-02
   1.1830000e+01   6.5044474e-02
   1.1900000e+01   1.5406591e-01
   1.1970000e+01   2.3361949e-01
   1.2040000e+01   2.9856292e-01
   1.2110000e+01   3.4431802e-01
   1.2180000e+01   3.6705004e-01
   1.2250000e+01   3.6382040e-01
   1.2320000e+01   3.3270747e-01
   1.2390000e+01   2.7289111e-01
   1.2460000e+01   1.8469765e-01
   1.2530000e+01   6.9603800e-02
   1.2600000e+01  -6.9800779e-02
   1.2670000e+01  -2.2989124e-01
   1.2740000e+01  -4.0612286e-01
   1.2810000e+01  -5.9318009e-01
   1.2880000e+01  -7.8515418e-01
   1.2950000e+01  -9.7574338e-01
   1.3020000e+01  -1.1584687e+00
   1.3090000e+01  -1.3268975e+00
   1.3160000e+01  -1.4748683e+00
   1.3230000e+01  -1.5967069e+00
   1.3300000e+01  -1.6874285e+00
   1.3370000e+01  -1.7429175e+00
   1.3440000e+01  -1.7600786e+00
   1.3510000e+01  -1.7369547e+00
   1.3580000e+01  -1.6728069e+00
   1.3650000e+01  -1.5681530e+00
   1.3720000e+01  -1.4247653e+00
   1.3790000e+01  -1.2456242e+00
   1.3860000e+01  -1.0348331e+00
   1.3930000e+01  -7.9749362e-01
   1.4000000e+01  -5.3954781e-01
   1.4070000e+01  -2.6759195e-01
   1.4140000e+01   1.1332155e-02
   1.4210000e+01   2.8996090e-01
   1.4280000e+01   5.6104009e-01
   1.4350000e+01   8.1755581e-01
   1.4420000e+01   1.0529573e+00
   1.4490000e+01   1.2613638e+00
   1.4560000e+01   1.4377491e+00
   1.4630000e+01   1.5780967e+00
   1.4700000e+01   1.6795210e+00
   1.4770000e+01   1.7403506e+00
   1.4840000e+01   1.7601694e+00
   1.4910000e+01   1.7398172e+00
   1.4980000e+01   1.6813466e+00
   1.5050000e+01   1.5879405e+00
   1.5120000e+01   1.4637908e+00
   1.5190000e+01   1.3139451e+00
   1.5260000e+01   1.1441247e+00
   1.5330000e+01   9.6052160e-01
   1.5400000e+01   7.6958025e-01
   1.5470000e+01   5.7777366e-01
   1.5540000e+01   3.9137964e-01
   1.5610000e+01   2.1626610e-01
   1.5680000e+01   5.7692451e-02
   1.5750000e+01  -7.9865909e-02
   1.5820000e+01  -1.9286412e-01
   1.5890000e+01  -2.7880026e-01
   1.5960000e+01  -3.3628987e-01
   1.6030000e+01  -3.6510012e-01
   1.6100000e+01  -3.6614256e-01
   1.6170000e+01  -3.4142477e-01
   1.6240000e+01  -2.9396281e-01
   1.6310000e+01  -2.2765770e-01
   1.6380000e+01  -1.4714026e-01
   1.6450000e+01  -5.7589946e-02
   1.6520000e+01   3.5465831e-02
   1.6590000e+01   1.2636476e-01
   1.6660000e+01   2.0952751e-01
   1.6730000e+01   2.7967268e-01
   1.6800000e+01   3.3202105e-01
   1.6870000e+01   3.6248211e-01
   1.6940000e+01   3.6781584e-01
   1.7010000e+01   3.4576438e-01
   1.7080000e+01   2.9514843e-01
   1.7150000e+01   2.1592523e-01
   1.7220000e+01   1.0920565e-01
   1.7290000e+01  -2.2770044e-02
   1.7360000e+01  -1.7669730e-01
   1.7430000e+01  -3.4831091e-01
   1.7500000e+01  -5.3252380e-01
   1.7570000e+01  -7.2359614e-01
   1.7640000e+01  -9.1532900e-01
   1.7710000e+01  -1.1012759e+00
   1.7780000e+01  -1.2749650e+00
   1.7850000e+01  -1.4301239e+00
   1.7920000e+01  -1.5608997e+00
   1.7990000e+01  -1.6620664e+00
   1.8060000e+01  -1.7292125e+00
   1.8130000e+01  -1.7589018e+00
   1.8200000e+01  -1.7488027e+00
   1.8270000e+01  -1.6977802e+00
   1.8340000e+01  -1.6059486e+00
   1.8410000e+01  -1.4746819e+00
   1.8480000e+01  -1.3065815e+00
   1.8550000e+01  -1.1054035e+00
   1.8620000e+01  -8.7594563e-01
   1.8690000e+01  -6.2390039e-01
   1.8760000e+01  -3.5567653e-01
   1.8830000e+01  -7.8197098e-02
   1.8900000e+01   2.0132030e-01
   1.8970000e+01   4.7559315e-01
   1.9040000e+01   7.3750593e-01
   1.9110000e+01   9.8033630e-01
   1.9180000e+01   1.1979680e+00
   1.9250000e+01   1.3850830e+00
   1.9320000e+01   1.5373270e+00
   1.9390000e+01   1.6514418e+00
   1.9460000e+01   1.7253610e+00
   1.9530000e+01   1.7582651e+00
   1.9600000e+01   1.7505947e+00
   1.9670000e+01   1.7040219e+00
   1.9740000e+01   1.6213791e+00
   1.9810000e+01   1.5065510e+00
   1.9880000e+01   1.3643300e+00
   1.9950000e+01   1.2002432e+00
%
