   1.6721343e-02  -4.5469628e-01
   1.8476811e-02  -1.8959377e-01
   2.9829671e-02  -1.8130540e-01
   3.2282005e-02  -2.2683302e-01
   3.5818257e-02  -5.4111601e-01
   3.8781999e-02  -6.8574500e-01
   4.4600301e-02  -5.4881850e-01
   4.7810847e-02  -3.9875197e-01
   5.4283700e-02  -2.0326853e-01
   6.9136405e-02  -1.3443281e-01
   6.9729072e-02  -2.3241730e-01
   7.9062059e-02   1.8678560e-02
   7.9108419e-02  -2.4620879e-01
   8.0708472e-02  -4.0604119e-01
   8.7588041e-02   3.2876267e-01
   8.8374466e-02  -4.3319406e-01
   1.0188167e-01   4.6202129e-01
   1.0515025e-01  -1.2114410e-01
   1.1556552e-01   1.3587735e-01
   1.1806926e-01  -1.2104627e-01
   1.2568773e-01  -3.0506966e-01
   1.2939403e-01   8.3160902e-02
   1.3327284e-01   1.0566028e-01
   1.4623570e-01   4.5854203e-02
   1.4692485e-01   2.6801257e-01
   1.5211340e-01   1.4851365e-01
   1.6084705e-01  -1.3216332e-01
   1.6734918e-01   2.3919576e-01
   1.7070362e-01   1.2609116e-01
   1.7590539e-01   2.8990790e-01
   1.8110402e-01   1.1436405e-01
   1.8854758e-01   2.8981638e-01
   1.9941288e-01   1.0459050e-01
   2.2174387e-01   2.1347103e-01
   2.2908284e-01  -6.2857190e-02
   2.3776679e-01   4.1061289e-01
   2.5197669e-01   6.0076800e-01
   2.6403344e-01   1.9256969e-01
   2.6682907e-01   1.2413478e-01
   2.7973318e-01   2.8158626e-02
   2.7991057e-01   8.6781429e-02
   3.0678418e-01  -1.5261882e-01
   3.0955554e-01   2.5330464e-01
   3.2100351e-01  -1.5465111e-01
   3.3871821e-01   6.0087554e-01
   3.5577278e-01   4.5739763e-01
   3.6560044e-01  -4.1159937e-03
   3.7652374e-01   6.4606188e-01
   3.7724585e-01   2.8455690e-02
   3.8876813e-01   1.0867237e-01
   4.0538826e-01   2.4375816e-01
   4.0921129e-01   2.0292506e-01
   4.5785979e-01  -2.0530710e-02
   4.8183968e-01   7.2610840e-02
   4.8661098e-01   2.0087707e-01
   4.8799801e-01   1.4399834e-01
   4.9706724e-01   3.9472108e-01
   5.0607910e-01  -7.8844483e-02
   5.1111783e-01   4.2120651e-01
   5.3401440e-01   3.7697005e-01
   5.3901169e-01   4.6978344e-01
   5.4807116e-01  -2.0781463e-02
   5.5368413e-01  -2.5124201e-01
   5.6288815e-01  -1.1438732e-01
   5.6857540e-01   4.0225173e-01
   5.7002458e-01   1.2371362e-01
   5.8000837e-01   3.9845058e-01
   5.9235541e-01  -4.2415819e-02
   5.9389354e-01   6.7059576e-02
   5.9740739e-01   2.4591763e-01
   6.0447429e-01   3.9985614e-01
   6.0693252e-01   7.0802915e-01
   6.0888250e-01   1.3403008e-02
   6.3900312e-01   1.8074124e-01
   6.5169431e-01   5.0567648e-01
   6.6044429e-01   1.0451391e-01
   6.7471668e-01   6.5492388e-01
   6.7562236e-01   1.9844492e-01
   6.9045804e-01   5.2761253e-03
   6.9452884e-01   7.7443819e-01
   6.9658076e-01   5.1134889e-01
   7.0496501e-01   6.4287154e-01
   7.0584207e-01   2.8593087e-01
   7.0786490e-01   4.8844460e-01
   7.1054691e-01   5.7950080e-02
   7.1458461e-01   3.2494658e-01
   7.1732409e-01   3.9623237e-02
   7.3134518e-01   1.5132860e-01
   7.3646681e-01   6.2414741e-01
   7.4092188e-01   6.8221555e-01
   7.4138065e-01   7.9992007e-01
   7.4687020e-01   6.6174480e-01
   7.5787388e-01   1.0078196e+00
   7.5931116e-01   1.1202550e+00
   7.8305517e-01   7.3293228e-01
   7.9100259e-01   7.9386963e-01
   7.9773815e-01   1.2073058e+00
   8.1132522e-01   1.0241088e+00
   8.2808907e-01   1.0138354e+00
   8.4103943e-01   1.2047647e+00
   8.4458266e-01   5.4299430e-01
   8.5452280e-01   1.7249862e+00
   8.6001259e-01   1.4935936e+00
   8.6604460e-01   1.1384665e+00
   8.7811440e-01   1.5608384e+00
   8.7936530e-01   1.4934267e+00
   8.8212455e-01   1.8820694e+00
   8.8571388e-01   1.6569570e+00
   8.8633356e-01   1.9113807e+00
   9.2806552e-01   1.8188949e+00
   9.2853637e-01   1.8435150e+00
   9.2877206e-01   2.0505207e+00
   9.3950275e-01   2.0971502e+00
   9.5055131e-01   2.2279939e+00
   9.5764149e-01   1.8832683e+00
   9.5823881e-01   1.9906070e+00
   9.6998226e-01   2.5602668e+00
   9.7166076e-01   2.7851760e+00
   9.7220160e-01   3.1276034e+00
   9.7230211e-01   2.5194295e+00
