%        x               y
%
   0.0000000e+00   1.0616627e+00
   2.0000000e-01   9.5438313e-01
   4.0000000e-01   6.4726669e-01
   6.0000000e-01   2.4543142e-01
   8.0000000e-01   8.6474234e-03
   1.0000000e+00  -4.5847332e-01
   1.2000000e+00  -5.8629116e-01
   1.4000000e+00  -5.2270060e-01
   1.6000000e+00  -6.6897708e-01
   1.8000000e+00  -6.5025323e-01
   2.0000000e+00  -3.6829629e-01
   2.2000000e+00  -1.9946104e-01
   2.4000000e+00   1.0214847e-01
   2.6000000e+00   2.3939828e-01
   2.8000000e+00   4.7441685e-01
   3.0000000e+00   5.3204202e-01
   3.2000000e+00   4.8645531e-01
   3.4000000e+00   3.8277756e-01
   3.6000000e+00   2.7859469e-01
   3.8000000e+00   9.5304196e-02
   4.0000000e+00  -6.1937557e-02
   4.2000000e+00  -1.6264995e-01
   4.4000000e+00  -3.3465224e-01
   4.6000000e+00  -3.7848057e-01
   4.8000000e+00  -3.2684557e-01
   5.0000000e+00  -3.0202142e-01
   5.2000000e+00  -2.4418751e-01
   5.4000000e+00  -1.2606921e-02
   5.6000000e+00   4.2709432e-02
   5.8000000e+00   7.1364914e-02
   6.0000000e+00   1.9256373e-01
   6.2000000e+00   2.2975779e-01
   6.4000000e+00   1.0651973e-01
   6.6000000e+00   1.0873230e-01
   6.8000000e+00   1.6313790e-02
   7.0000000e+00   8.2753168e-02
   7.2000000e+00  -5.6705147e-02
   7.4000000e+00  -5.6552321e-02
   7.6000000e+00  -1.2417349e-01
   7.8000000e+00  -1.4140695e-01
   8.0000000e+00  -1.8606224e-01
   8.2000000e+00  -1.0253530e-01
   8.4000000e+00  -1.3337982e-01
   8.6000000e+00  -4.7083796e-02
   8.8000000e+00   8.5379099e-03
   9.0000000e+00   9.3244738e-02
   9.2000000e+00   1.8795176e-02
   9.4000000e+00   4.5569780e-02
   9.6000000e+00   1.1312777e-01
   9.8000000e+00   1.5024618e-01
   1.0000000e+01   5.9238496e-02
%
